Progetto_2

%%%%%%%%%%%%%
% sezione 2
%%%%%%%%%%%%%

ans =

   2.5000e-02


ans =

   5.2500e-04


ans =

   5.3750e-06


ans =

   5.1354e-08


ans =

   5.5061e-10


L =

   1.0000e+00            0            0            0            0            0
  -4.0000e-01   1.0000e+00            0            0            0            0
            0  -4.7619e-01   1.0000e+00            0            0            0
  -2.0000e-01  -9.5238e-02  -9.3023e-02   1.0000e+00            0            0
            0  -2.3810e-01  -2.3256e-01  -4.2191e-01   1.0000e+00            0
            0            0  -4.8837e-01  -4.8682e-02  -4.3765e-01   1.0000e+00


U =

   2.5000e-02  -1.0000e-02            0  -5.0000e-03            0            0
            0   2.1000e-02  -1.0000e-02  -2.0000e-03  -5.0000e-03            0
            0            0   1.0238e-02  -9.5238e-04  -2.3810e-03  -5.0000e-03
            0            0            0   9.5543e-03  -4.0310e-03  -4.6512e-04
            0            0            0            0   1.0722e-02  -4.6924e-03
            0            0            0            0            0   6.3152e-03


ans =

     7.096049428945889e-01     7.096049428945891e-01
     5.519565624414903e-01     5.519565624414905e-01
     4.808088372963864e-01     4.808088372963866e-01
     4.441115895899643e-01     4.441115895899644e-01
     3.789552518255008e-01     3.789552518255009e-01
     3.385133870061786e-01     3.385133870061787e-01


ans =

     2.220446049250313e-16

%%%%%%%%%%%%%
% sezione 3
%%%%%%%%%%%%%

ans =

  6×6 logical array

   1   1   1   1   1   1
   1   1   1   1   1   1
   1   1   1   1   1   1
   1   1   1   1   1   1
   1   1   1   1   1   1
   1   1   1   1   1   1


ans =

   2.3107e-03
   8.4784e-03
   1.2463e-02
   1.6223e-02
   2.2719e-02
   3.8639e-02


kGS =

    90


ans =

     7.096049428945889e-01     7.096049428940281e-01
     5.519565624414903e-01     5.519565624406999e-01
     4.808088372963864e-01     4.808088372956228e-01
     4.441115895899643e-01     4.441115895894713e-01
     3.789552518255008e-01     3.789552518249384e-01
     3.385133870061786e-01     3.385133870056534e-01


true_err_rel =

   1.2558e-12


est_err_rel =

   8.0592e-13

kappa =

   5.1083e+00

>> 
